4,82	0,146484375	3,22265625
5,23	0,048828125	2,34375
6,05	0,1953125	2,099609375
2428,0	0,87890625	2,05078125
2428,41	2,197265625	7,91015625
2429,23	1,220703125	4,1015625
2429,41	0,830078125	5,517578125
2429,64	0,87890625	4,541015625
2430,0	0,634765625
2430,64	0,9765625	9,5703125
2430,82	0,341796875	3,3203125
2431,23	0,439453125	1,46484375
2431,82	0,09765625	1,7578125
2432,05	0,09765625	1,123046875
2432,46	0,09765625	0,9765625
2432,64	0,09765625	3,662109375
2432,82	0,146484375	0,68359375
2433,05	0,390625	5,078125
2433,23	0,146484375	1,611328125
2433,28	0,09765625	0,634765625
2434,46	0,09765625	1,220703125
2435,28	0,68359375
2435,69	0,048828125	1,220703125
4852,0	8,349609375	2,9296875
4853,0	5,224609375	2,392578125
4853,41	4,931640625	2,197265625
4854,0	0,732421875	0,87890625
4854,23	4,833984375	2,734375
4854,41	2,392578125	2,294921875
4854,82	0,5859375	0,390625
4855,23	1,416015625	1,220703125
4855,41	0,78125	1,416015625
4855,64	1,708984375	1,611328125
4855,82	0,29296875	0,537109375
4856,23	0,439453125	0,390625
4856,41	0,048828125	0,244140625
4856,46	0,537109375	0,390625
4856,64	1,220703125	2,34375
4857,05	0,439453125	0,146484375
4857,41	0,048828125	0,341796875
4857,46	0,244140625	0,439453125
4857,64	0,146484375	0,634765625
4857,82	0,09765625	0,68359375
4857,87	0,341796875	0,537109375
4858,05	0,1953125	0,68359375
4858,64	0,146484375	0,537109375
4858,87	0,439453125
4859,05	0,146484375	1,07421875
4859,87	0,146484375	0,146484375
4860,28	0,1953125	0,244140625
4860,64	0,09765625	0,1953125
4861,05	0,09765625	1,318359375
4861,23	0,146484375
4861,46	0,29296875	0,927734375
4861,64	0,048828125	0,048828125
4861,87	0,09765625
4862,05	0,1953125
4862,46	0,09765625	0,390625
4862,69	0,048828125	0,09765625
4863,28	0,09765625
4863,69	0,1953125
4864,1	0,09765625
7278,0	29,736328125	0,634765625
7280,0	0,78125	0,048828125
7280,82	1,025390625	0,09765625
7281,41	0,927734375	0,244140625
7282,0	0,1953125
7282,41	1,171875	0,09765625
7282,46	1,318359375	0,1953125
7282,64	1,953125	0,146484375
7282,82	1,123046875	0,146484375
7283,64	0,732421875	0,1953125
7284,05	0,78125	0,1953125
7284,46	0,244140625
7284,64	0,29296875
7284,82	0,146484375
7284,87	1,123046875	0,146484375
7285,05	0,78125	0,09765625
7285,28	0,48828125	0,048828125
7286,05	0,244140625
7286,23	0,048828125
7286,64	0,244140625
7287,28	0,09765625
7287,46	0,390625	0,048828125
7287,87	0,09765625
7288,69	0,09765625	0,048828125
7290,46	0,048828125
7291,69	0,048828125	0,048828125
9710,41	0,1953125
9710,82	0,634765625
9711,05	0,146484375
9711,87	0,09765625
9712,05	1,07421875
9712,28	0,146484375
9712,46	0,09765625
9712,87	0,1953125
9713,05	0,390625
9713,28	0,732421875
9713,46	0,1953125
9713,69	0,1953125
9715,46	0,146484375
9715,64	0,048828125
9715,87	0,048828125	0,048828125
9716,46	0,048828125
9716,87	0,048828125
9717,1	0,048828125	0,048828125
12140,05	0,09765625
12140,23	0,09765625
12140,46	0,048828125	0,048828125
12141,05	0,048828125
12141,28	0,09765625
12141,69	0,390625	0,048828125
12141,87	0,09765625
12142,28	0,048828125
12142,69	0,146484375	0,048828125
14564,82	0,146484375	0,048828125
14565,28	0,29296875
14567,28	0,1953125	0,048828125
14567,46	0,244140625
14568,1	0,244140625
14570,87	0,09765625
14571,28	0,048828125
14571,69	0,146484375
14572,1	0,048828125
16995,28	0,09765625
16995,46	0,1953125
16995,64	0,09765625
16996,1	0,29296875
16996,69	0,146484375
16996,87	0,1953125
16997,51	0,09765625
16998,1	0,439453125
21852,1	0,341796875
21852,28	0,146484375
21852,92	0,09765625
21853,51	0,09765625
29134,92	0,87890625
