solution  count  cost
111101000	1	8006.82
101110010	1	4009.2299999999996
100111101	1	10011.279999999999
001000101	1	4005.46
111001001	1	8008.049999999999
010010110	1	6004.639999999999
100111100	1	8008.049999999999
011101100	2	4009.4599999999996
100100111	1	8009.279999999999
001111110	1	8011.459999999999
101010110	1	4010.0499999999997
110000010	2	4002.41
100110101	1	6009.87
010110011	1	6008.049999999999
100010110	2	4006.64
010110001	2	2007.0499999999997
011111000	1	8006.82
010100110	1	4007.0499999999997
100011011	1	4009.0499999999997
010100101	3	2009.6899999999996
001110111	1	8012.279999999999
100011000	16	2003.4099999999999
010000010	4	4000.0
010011001	1	4007.0499999999997
010000101	19	2007.2799999999997
110010001	7	2006.6399999999999
111111100	1	14013.460000000003
001101100	2	4006.0499999999997
010101110	1	4010.4599999999996
011010001	1	4006.64
001110010	2	2005.8199999999997
000001101	2	4005.87
110010100	1	4006.64
010101001	6	2008.4599999999996
010110100	1	4007.0499999999997
111000010	1	6004.82
000111000	2	6002.82
101110011	1	6012.459999999999
100110010	2	4005.8199999999997
111001100	1	6008.049999999999
001011010	1	4005.8199999999997
000110100	2	4004.64
101011000	1	4005.41
101001010	3	2007.2299999999996
100101000	2	4003.8199999999997
100100011	4	2007.0499999999997
011010101	1	4011.2799999999997
100100000	11	4002.41
010110000	3	4002.41
100011001	4	2006.6399999999999
100110000	5	4003.41
100001101	2	4006.87
110001100	1	2007.0499999999997
000010100	35	2003.23
111000110	1	8008.459999999999
110000001	19	2004.6399999999999
011010100	9	2006.6399999999999
000011100	8	2004.6399999999999
101100000	3	4003.41
001100000	24	2002.4099999999999
001000100	32	2003.23
111100001	2	6008.049999999999
011110001	1	4009.0499999999997
101000001	1	4004.23
001101010	2	2007.2299999999996
010101100	2	2008.4599999999996
011001000	2	4003.41
001110100	4	2006.6399999999999
101000000	4	4002.0
001100001	19	2004.6399999999999
100010101	3	2008.46
001010110	4	2006.6399999999999
010001101	3	2009.6899999999996
001011100	1	2006.6399999999999
011100100	6	2007.0499999999997
101001110	2	4009.4599999999996
100010111	1	6009.869999999999
001001010	12	2004.8199999999997
001001000	9	4002.41
000101001	1	4005.0499999999997
000010011	4	4003.23
001010101	7	2008.46
001101001	1	6006.049999999999
010100011	2	2007.0499999999997
100101100	1	6006.049999999999
000011000	12	4001.41
010010000	8	4000.0
011000010	3	4002.41
110011000	3	4004.41
000000000	7	6000.0
011000000	11	4001.0
010100100	18	2006.0499999999997
010000000	18	4000.0
110100000	2	4003.41
110001001	9	2007.0499999999997
100000110	3	4004.64
000010110	2	4003.23
010101010	10	2006.8199999999997
010100010	18	2003.4099999999999
100000011	19	2004.6399999999999
011100110	2	4009.4599999999996
011100000	17	2003.4099999999999
101000100	4	4004.23
111000000	1	6002.0
000001010	38	2002.4099999999999
100001000	30	2002.4099999999999
000011001	4	4004.64
100010000	31	2002.0
011110000	1	4004.41
010101000	15	2004.8199999999997
001110000	14	2003.4099999999999
010010100	14	2004.6399999999999
001100100	18	2004.6399999999999
101001000	3	4003.41
110000000	12	4001.0
110001010	2	2005.8199999999997
001000000	18	4001.0
000100010	24	2002.4099999999999
001001100	12	2004.6399999999999
000100011	17	2004.6399999999999
010011100	5	2007.0499999999997
000110000	10	4001.41
000010010	11	4000.0
110111100	1	10011.46
100000100	9	4003.23
000110001	17	2004.6399999999999
110010000	3	4002.0
101100001	1	4005.64
000001011	2	4004.64
000001110	10	2004.6399999999999
011010000	4	4002.0
101010000	12	2004.0
101110000	1	4005.41
010000001	32	2003.6399999999999
010000110	1	4003.64
000110010	1	4002.41
001111000	1	6004.82
000100001	22	2003.6399999999999
010011000	2	4002.41
010010101	9	2009.2799999999997
100100001	15	2004.6399999999999
110000100	2	4004.64
101100010	2	2007.2299999999996
010001000	26	2002.4099999999999
100110001	5	2006.6399999999999
110001101	1	4010.6899999999996
011000101	1	4008.2799999999997
100000010	32	2002.4099999999999
010000011	1	4003.64
010001010	16	2003.4099999999999
101010001	8	2007.23
110100001	2	2007.0499999999997
010001100	47	6.049999999999272
100010001	59	5.229999999999563
011100101	1	4010.6899999999996
101010100	6	2007.23
011001100	4	2007.0499999999997
100010011	5	2006.6399999999999
011001111	1	10013.099999999999
000000010	14	4000.0
001100011	5	2007.0499999999997
100001001	13	2004.6399999999999
010000100	29	2003.6399999999999
010110110	1	8008.049999999999
000001001	7	4003.64
010111010	2	8006.82
100100010	12	2004.8199999999997
000100101	7	4005.87
100001100	22	2004.6399999999999
001001001	1	6004.639999999999
001010001	18	2005.23
010101011	2	4010.4599999999996
010001001	11	2006.0499999999997
011100010	5	2005.8199999999997
001010000	23	2002.0
110010110	1	8008.049999999999
011100001	4	2007.0499999999997
000000100	15	4002.23
001010111	1	6009.869999999999
100000000	13	4001.0
010001110	3	2007.0499999999997
100000001	28	2003.23
100011010	5	2005.8199999999997
010111001	2	6009.459999999999
100001011	4	2007.0499999999997
000100100	8	4003.64
100001110	5	2007.0499999999997
000101100	2	4005.0499999999997
110001000	4	2003.4099999999999
001100010	42	4.819999999999709
000000110	9	4002.23
100101010	6	2007.2299999999996
000010000	14	4000.0
001011000	3	4003.41
000101010	8	2004.8199999999997
011000100	14	2004.6399999999999
010100000	41	2002.4099999999999
010010010	1	6000.0
001000110	22	2004.6399999999999
110010101	1	4011.2799999999997
000010101	13	2006.46
001101000	1	4003.8199999999997
001000001	4	4003.23
001000011	2	4004.64
001000010	21	2002.4099999999999
001100110	4	2007.0499999999997
101010010	11	2006.8199999999997
000010001	35	2003.23
001001110	9	2007.0499999999997
001110001	9	2006.6399999999999
100000101	3	4005.46
010100001	50	6.049999999999272
100011100	7	2006.6399999999999
000000101	11	4004.46
001010010	16	2003.4099999999999
000100000	11	4001.41
100010010	9	2003.4099999999999
001111100	1	6008.049999999999
010010001	13	2004.6399999999999
000001100	24	2003.6399999999999
001010100	54	5.229999999999563
100100110	1	6007.049999999999
101010011	1	4010.0499999999997
101110001	2	4008.64
000000011	8	4002.23
000101000	11	4002.8199999999997
011000001	2	4004.64
000001000	17	4001.41
110101000	1	4005.8199999999997
100001010	42	4.819999999999709
010010111	1	8009.279999999999
000000001	17	4002.23
100010100	20	2005.23
101000010	18	2004.8199999999997